
Costume: 97**aa26.148.0.16.50.23.147.0.16.50_ab_ac_ba61_bb11.1_bc500.500.8.0.1.0_bd19_be186_bi0.0.100.100_bf_bg_bh1_ca63.0.15.78.15.0.37.0.33.14.60.79_daC60C25_db_dd9.3.30.19.57.58_dh_di4_qa_qb_dc_eh_ea10.233056.223565.56.0.0_ec_ed49.0.0.1.233056.56_ef1.2.0.233056.233056.56.0.1_eg1.2.0.233056.233056.56.0.1_r0028.233056.233056.56.0.0.69.69.139.588.393.1.1.500.1.0_r0151.233056.233056.56.2.2.33.-4.76.617.578.0.1.322.1.0_r0257.233056.233056.56.1.2.50.50.306.469.555.0.0.500.1.0_r0334.233056.233056.56.1.2.50.50.343.411.567.0.0.500.1.0_r0430.233056.233056.56.1.2.79.40.336.417.557.0.0.469.1.0_r052.384466.384466.56.1.2.1.79.227.557.505.0.0.250.1.0_r062.384466.384466.56.2.2.34.32.174.575.523.0.0.366.1.0_fa4.97.35.63.48.37.232839.0_fb_fh_fk6_fc0.A0CDE8.55.0.A0CDE8.55.52.61.61.52.50.50_fj6.1.0_fd16.0.31.233056.56_fe58.57_ff0000000000_fg10.40.56.0.0.1.7.7_fi14.53.23.16.16_pa0.0.0.0.40.50.85.85.0.0_t000.F9DCC3.F9DCC3.0.374.374.0.499.360.1.500.0.100_pb_pc_pd_pe_ga0_gb1.0.10.40.65_gc22.0_ge0000000000_gh0_gf_gg_gd1000000_ha77.77_hb48.1.47.10.10.48.47_hc0.59.39.0.59.39_hd23.0.100.43.0.55.50.29_ad0.0.0.0.0.0.0.0.0.0_ae1.3.3.0.0_ia_if_ib_id_ic_jc9.C60C25.C60C25.C60C25_ie_ja_jb_jf_jg_jd_je_ka_kb_kc_kd_ke_kf_kg_la_lb30.c60c25.C60C25.0.1.0.50.1_oa_os_ob0.3.0.0_oc0.3.0.0_od_oe_of_lc_m0027.d7252d.0.0.0.0.18.127.381.476.1.61.56.396.0.0.1_m01102.9.9.0.0.1.38.84.351.469.3.61.35.132.0.3.1_m0269.384466.384466.384466.1.3.-32.285.425.754.0.61.35.500.0.0.1_m03102.9.9.0.2.2.0.63.528.174.3.61.-6.235.0.0.1_m04102.9.9.0.1.3.-4.274.264.87.3.61.-4.822.1.0.1_m05102.9.9.0.2.3.-5.111.58.79.3.61.-5.822.0.0.1_m06102.9.9.0.0.1.9.190.41.601.2.61.9.264.0.3.1_m07102.9.9.0.1.3.7.37.557.235.3.61.0.279.0.0.1_m08102.9.9.0.1.2.-12.142.282.590.3.61.-12.205.0.3.1_m09102.9.9.0.2.3.7.84.704.-1308.3.61.7.102.0.0.1_m10102.9.9.0.1.3.13.82.1365.-1264.3.61.13.88.0.0.1_m2068.384466.384466.0.1.3.-38.74.190.718.0.61.43.351.0.0.0_m2169.384466.384466.384466.2.3.-29.280.-103.664.0.61.3.616.0.0.1_m2269.384466.384466.384466.1.3.-32.285.425.754.0.61.35.500.0.0.1_m23102.303B58.303B58.0.2.3.40.190.235.760.3.61.43.675.0.0.1_s002.6.6.45.2.77.21.763.438.3.4.0.40.1.61.500_og_oh_oo_op_oq_or_om_on_ok_ol_oi_oj_f00||0

Nude: 97**aa11.150.0.8.79.11.150.0.8.79_ab_ac_ba74_bb10.1_bc410.500.8.0.1.0_bd15_be187_bi0.0.100.100_bf_bg_bh1_ca63.0.15.78.15.0.37.0.33.3.60.79_da1_db_dd9.3.30.19.57.58_dhAD554A.37.51.38.0_di4_qa_qb_dc9.4.F3AFA4.F3AFA4.F3AFA4.1_eh4.233056.64_ea10.233056.223565.56.0.0_ec1.20.233056.233056.56.24.49.1_ed49.0.1.1.233056.56_ef1.2.0.233056.233056.56.0.1_eg1.2.0.233056.233056.56.0.1_r0028.233056.233056.56.0.0.69.69.139.588.393.1.1.500.1.0_r0151.233056.233056.56.2.2.33.-4.76.617.578.0.1.322.1.0_r0257.233056.233056.56.1.2.50.50.306.469.555.0.0.500.1.0_r0334.233056.233056.56.1.2.50.50.343.411.567.0.0.500.1.0_r0430.233056.233056.56.1.2.79.40.336.417.557.0.0.469.1.0_r052.384466.384466.56.1.2.1.79.227.557.505.0.0.250.1.0_r062.384466.384466.56.2.2.34.32.174.575.523.0.0.366.1.0_fa4.97.35.63.48.37.232839.0_fb_fh_fk6_fc0.A0CDE8.55.0.A0CDE8.55.52.61.61.52.50.50_fj6.1.0_fd16.0.31.233056.56_fe58.57_ff0000000000_fg10.40.56.0.0.1.7.7_fi14.53.23.16.16_pa0.0.0.0.40.50.85.85.0.0_t00_pb_pc_pd_pe_ga0_gb0.0.10.40.65_gc40.0_ge0000000000_gh0_gf_gg_gd0000000_ha77.77_hb48.1.43.33.33.48.43_hc4.19.-28.4.19.-28_hd12.0.137.95.1.50.40.89_ad0.0.0.0.0.0.0.0.0.0_ae1.3.3.0.0_ia_if_ib_id_ic_jc_ie_ja_jb_jf_jg_jd_je_ka_kb_kc_kd_ke_kf_kg_la_lb_oa_os_ob0.3.5.5_oc0.3.5.5_od_oe_of_lc_m0068.384466.384466.0.1.3.-38.74.190.718.0.61.43.351.0.0.0_m0169.384466.384466.384466.2.3.-29.280.-103.664.0.61.3.616.0.0.1_m0269.384466.384466.384466.1.3.-32.285.425.754.0.61.35.500.0.0.1_m03102.303B58.303B58.0.2.3.40.190.235.760.3.61.43.675.0.0.1_s00_og_oh_oo_op_oq_or_om_on_ok_ol_oi_oj_f00||0
